[1] 1.0 [ 0.2317706] [[ 0.44447802  0.55552198]] 1
[0] 1.0 [-2.52957804] [[ 0.95070036  0.04929964]] 0
[0] 1.0 [-0.92346742] [[ 0.75492023  0.24507977]] 0
[1] 1.0 [ 1.40943673] [[ 0.16838322  0.83161678]] 1
[1] 1.0 [ 0.57297219] [[ 0.34961719  0.65038281]] 1
[0] 1.0 [-1.44275861] [[ 0.84951897  0.15048103]] 0
[0] 0.0 [-1.1239588] [[ 0.79558431  0.20441569]] 1
[0] 1.0 [-1.49637845] [[ 0.85734195  0.14265805]] 0
[1] 1.0 [ 1.36004536] [[ 0.17662406  0.82337594]] 1
[0] 0.0 [-0.16512317] [[ 0.5597106  0.4402894]] 1
[0] 0.0 [-0.70731939] [[ 0.70534251  0.29465749]] 1
[0] 1.0 [-1.1240199] [[ 0.7955959  0.2044041]] 0
[0] 1.0 [-1.61182046] [[ 0.87303472  0.12696528]] 0
[0] 1.0 [-2.16988717] [[ 0.92950469  0.07049531]] 0
[0] 1.0 [-0.22408177] [[ 0.57644886  0.42355114]] 0
[0] 0.0 [-0.97693249] [[ 0.76627585  0.23372415]] 1
[0] 1.0 [-2.71604421] [[ 0.9601889  0.0398111]] 0
[0] 1.0 [-1.51470635] [[ 0.85993711  0.14006289]] 0
[0] 0.0 [-0.46696472] [[ 0.64191577  0.35808423]] 1
[0] 0.0 [-0.72563443] [[ 0.70976361  0.29023639]] 1
[1] 1.0 [ 0.17992941] [[ 0.45951645  0.54048355]] 1
[0] 1.0 [-1.26794313] [[ 0.82155129  0.17844871]] 0
[0] 1.0 [-1.59606769] [[ 0.87098368  0.12901632]] 0
[0] 1.0 [-1.86935868] [[ 0.90278044  0.09721956]] 0
[1] 1.0 [ 0.69033231] [[ 0.31915991  0.68084009]] 1
[0] 1.0 [-1.16076519] [[ 0.8024788  0.1975212]] 0
[0] 1.0 [-0.09095704] [[ 0.53836344  0.46163656]] 0
[0] 0.0 [-0.79650824] [[ 0.7264962  0.2735038]] 1
[0] 1.0 [-1.15221033] [[ 0.80089211  0.19910789]] 0
[0] 1.0 [-1.85400344] [[ 0.90119682  0.09880318]] 0
[0] 1.0 [-1.74757063] [[ 0.8895771  0.1104229]] 0
[1] 1.0 [ 0.69032159] [[ 0.31916263  0.68083737]] 1
[1] 1.0 [ 0.21111078] [[ 0.45046736  0.54953264]] 1
[0] 1.0 [-0.58391721] [[ 0.67095507  0.32904493]] 0
[0] 1.0 [-0.83220137] [[ 0.7346915  0.2653085]] 0
[0] 1.0 [-1.72953711] [[ 0.88749354  0.11250646]] 0
[0] 1.0 [-0.61456398] [[ 0.68236487  0.31763513]] 0
[0] 1.0 [-0.02548011] [[ 0.51934777  0.48065223]] 0
[0] 1.0 [-2.14844046] [[ 0.92784753  0.07215247]] 0
[0] 0.0 [-2.15700641] [[ 0.92851367  0.07148633]] 1
[1] 0.0 [ 0.10859983] [[ 0.480263  0.519737]] 0
[1] 1.0 [ 0.91782332] [[ 0.26443627  0.73556373]] 1
[1] 0.0 [ 0.5348254] [[ 0.35637916  0.64362084]] 0
[0] 0.0 [-0.72575857] [[ 0.70979344  0.29020656]] 1
[0] 0.0 [-0.67794502] [[ 0.69817063  0.30182937]] 1
[1] 1.0 [ 2.18595255] [[ 0.07556826  0.92443174]] 1
[0] 1.0 [-1.75009968] [[ 0.88986659  0.11013341]] 0
[0] 1.0 [-1.58988561] [[ 0.87017108  0.12982892]] 0
[1] 1.0 [ 1.03947605] [[ 0.23776171  0.76223829]] 1
[1] 1.0 [ 1.16191863] [[ 0.21283496  0.78716504]] 1
[1] 1.0 [ 0.68020789] [[ 0.32173192  0.67826808]] 1
[0] 0.0 [-1.20347966] [[ 0.81025841  0.18974159]] 1
[0] 1.0 [-2.02063764] [[ 0.91720706  0.08279294]] 0
[0] 1.0 [-0.95084605] [[ 0.76078139  0.23921861]] 0
[0] 0.0 [-0.4456301] [[ 0.63643541  0.36356459]] 1
[0] 1.0 [-2.47344704] [[ 0.94744078  0.05255922]] 0
[0] 1.0 [-0.73486242] [[ 0.71197625  0.28802375]] 0
[1] 0.0 [ 1.08281885] [[ 0.2287157  0.7712843]] 0
[0] 1.0 [-1.00008563] [[ 0.7710785  0.2289215]] 0
[0] 1.0 [-1.86348393] [[ 0.90217726  0.09782274]] 0
[0] 1.0 [-2.45331296] [[ 0.94622213  0.05377787]] 0
[1] 0.0 [ 0.54672861] [[ 0.35287057  0.64712943]] 0
[0] 0.0 [-1.46085749] [[ 0.85219826  0.14780174]] 1
[1] 0.0 [ 0.69563431] [[ 0.31781736  0.68218264]] 0
[1] 1.0 [ 0.37374955] [[ 0.40337221  0.59662779]] 1
[1] 1.0 [ 0.73207755] [[ 0.30867191  0.69132809]] 1
[0] 1.0 [-0.5739907] [[ 0.66855583  0.33144417]] 0
[0] 1.0 [-1.35992157] [[ 0.83674354  0.16325646]] 0
[0] 1.0 [-0.69604081] [[ 0.70260053  0.29739947]] 0
[0] 1.0 [-2.00735957] [[ 0.91602312  0.08397688]] 0
[1] 0.0 [ 0.95042264] [[ 0.2571045  0.7428955]] 0
[0] 1.0 [-1.45606716] [[ 0.85149298  0.14850702]] 0
[0] 0.0 [-1.10580623] [[ 0.79211878  0.20788122]] 1
[0] 0.0 [-1.08585544] [[ 0.78826018  0.21173982]] 1
[0] 1.0 [-1.49619382] [[ 0.8573156  0.1426844]] 0
[1] 1.0 [ 1.43147719] [[ 0.16480549  0.83519451]] 1
[0] 0.0 [-0.84297182] [[ 0.7371334  0.2628666]] 1
[0] 1.0 [-0.83835659] [[ 0.7360888  0.2639112]] 0
[0] 1.0 [-2.003744] [[ 0.91569809  0.08430191]] 0
[0] 0.0 [-0.54470182] [[ 0.66140645  0.33859355]] 1
[0] 1.0 [-1.46772049] [[ 0.85320388  0.14679612]] 0
[0] 1.0 [-1.9868318] [[ 0.9141625  0.0858375]] 0
[1] 1.0 [ 1.20105315] [[ 0.205279  0.794721]] 1
[0] 1.0 [-0.63849846] [[ 0.68838572  0.31161428]] 0
[1] 1.0 [ 0.2891792] [[ 0.42785459  0.57214541]] 1
[1] 1.0 [ 0.61319863] [[ 0.33902311  0.66097689]] 1
[0] 1.0 [-2.45544148] [[ 0.94635223  0.05364777]] 0
[0] 0.0 [-0.98374326] [[ 0.76769584  0.23230416]] 1
[0] 0.0 [-1.49323947] [[ 0.85689348  0.14310652]] 1
[0] 1.0 [-0.38837716] [[ 0.62145407  0.37854593]] 0
[0] 1.0 [-2.24153477] [[ 0.93478885  0.06521115]] 0
[0] 1.0 [-0.91456476] [[ 0.7529936  0.2470064]] 0
[0] 0.0 [-0.24835013] [[ 0.58326161  0.41673839]] 1
[1] 0.0 [ 0.94608929] [[ 0.25807142  0.74192858]] 0
[0] 1.0 [-1.2564113] [[ 0.81957047  0.18042953]] 0
[0] 1.0 [-0.80751847] [[ 0.72904097  0.27095903]] 0
[0] 1.0 [-1.8013568] [[ 0.89559175  0.10440825]] 0
[0] 1.0 [-0.24511323] [[ 0.58235581  0.41764419]] 0
[0] 1.0 [-1.9055692] [[ 0.90642549  0.09357451]] 0
[1] 1.0 [ 0.45450424] [[ 0.37990806  0.62009194]] 1
[0] 1.0 [-2.08918794] [[ 0.92308082  0.07691918]] 0
[0] 1.0 [-3.22730319] [[ 0.9779626  0.0220374]] 0
[1] 1.0 [ 0.82740022] [[ 0.28545909  0.71454091]] 1
[0] 1.0 [-0.55995011] [[ 0.66514168  0.33485832]] 0
[0] 1.0 [-1.5110396] [[ 0.8594211  0.1405789]] 0
[0] 1.0 [-1.09847259] [[ 0.79070646  0.20929354]] 0
[1] 1.0 [ 0.40749527] [[ 0.39358376  0.60641624]] 1
[0] 1.0 [-0.1255628] [[ 0.54835686  0.45164314]] 0
[0] 1.0 [-1.91114063] [[ 0.90697533  0.09302467]] 0
[0] 1.0 [-2.64412088] [[ 0.95675954  0.04324046]] 0
[1] 1.0 [ 1.50941526] [[ 0.15264114  0.84735886]] 1
[0] 1.0 [-0.19018452] [[ 0.56685524  0.43314476]] 0
[1] 1.0 [ 1.87185375] [[ 0.1054883  0.8945117]] 1
[0] 1.0 [-2.89888729] [[ 0.96775668  0.03224332]] 0
[1] 1.0 [ 0.61652695] [[ 0.33815356  0.66184644]] 1
[0] 1.0 [-2.2500657] [[ 0.9353929  0.0646071]] 0
[0] 1.0 [-0.78844906] [[ 0.72462408  0.27537592]] 0
[0] 1.0 [-2.29521666] [[ 0.93850404  0.06149596]] 0
[0] 1.0 [-1.22397122] [[ 0.81390639  0.18609361]] 0
[0] 1.0 [-1.37173806] [[ 0.83861791  0.16138209]] 0
[0] 0.0 [-0.34132497] [[ 0.6088532  0.3911468]] 1
[1] 1.0 [ 0.74850754] [[ 0.30459676  0.69540324]] 1
[0] 1.0 [-1.6729242] [[ 0.88072836  0.11927164]] 0
[1] 1.0 [ 2.37275297] [[ 0.06169615  0.93830385]] 1
[0] 1.0 [-0.71612144] [[ 0.70747214  0.29252786]] 0
[0] 1.0 [-1.49047169] [[ 0.85649708  0.14350292]] 0
[1] 1.0 [ 0.97760383] [[ 0.25109354  0.74890646]] 1
[0] 1.0 [-1.10112311] [[ 0.79121771  0.20878229]] 0
[0] 1.0 [-0.0839617] [[ 0.53633766  0.46366234]] 0
[0] 1.0 [-1.98142615] [[ 0.91366635  0.08633365]] 0
[0] 0.0 [-1.21140064] [[ 0.81167499  0.18832501]] 1
[1] 1.0 [ 0.41138632] [[ 0.39245378  0.60754622]] 1
[0] 1.0 [-1.34456218] [[ 0.83428104  0.16571896]] 0
[0] 1.0 [-0.75886819] [[ 0.7176849  0.2823151]] 0
[0] 1.0 [-2.74609996] [[ 0.96154228  0.03845772]] 0
[0] 0.0 [-1.83936487] [[ 0.89966577  0.10033423]] 1
[0] 0.0 [-0.4416836] [[ 0.6354155  0.3645845]] 1
[0] 1.0 [-1.09716787] [[ 0.79045446  0.20954554]] 0
[1] 1.0 [ 0.5447707] [[ 0.35344811  0.64655189]] 1
[1] 1.0 [ 1.34088129] [[ 0.17990527  0.82009473]] 1
[0] 0.0 [-1.43667933] [[ 0.84861009  0.15138991]] 1
[0] 1.0 [-0.82813181] [[ 0.73376508  0.26623492]] 0
[0] 1.0 [-1.01465842] [[ 0.77406555  0.22593445]] 0
[0] 0.0 [-0.67105861] [[ 0.69647501  0.30352499]] 1
[0] 1.0 [-1.396883] [[ 0.84254861  0.15745139]] 0
[0] 0.0 [-0.52236427] [[ 0.65588276  0.34411724]] 1
[1] 1.0 [ 0.6555078] [[ 0.32805203  0.67194797]] 1
[0] 1.0 [-1.11730767] [[ 0.79431954  0.20568046]] 0
[0] 1.0 [-1.37953062] [[ 0.83984446  0.16015554]] 0
[0] 1.0 [-0.40407766] [[ 0.62560163  0.37439837]] 0
[0] 0.0 [-0.95797118] [[ 0.76229086  0.23770914]] 1
[0] 1.0 [-0.58236397] [[ 0.67058044  0.32941956]] 0
[0] 0.0 [-3.84186503] [[ 0.98922157  0.01077843]] 1
